11:33:05 201179 3122737 4668990
11:33:18 274695 3025844 4645604
11:33:28 327829 2966084 4634026
11:38:07 1099122 2804741 4573281
11:38:16 1106325 2808772 4573169
11:38:25 1112814 2802240 4571179
11:38:34 1119077 2801502 4570399
11:39:08 1139529 2793208 4566201
11:51:30 1325777 2795379 4518079
11:51:40 1327945 2795975 4518481
11:51:50 1330156 2784844 4517674
12:09:55 1477264 2788814 4468413
12:17:19 1492927 2795321 4454768
12:17:20 1492937 2795132 4454204
12:17:21 1492976 2795896 4454353
12:17:21 1492988 2796626 4454464
12:17:22 1493023 2797579 4454929
12:17:22 1493012 2797923 4454308
12:17:22 1493017 2798135 4454763
12:17:23 1493033 2798477 4454672
12:17:23 1493041 2798648 4454985
12:17:23 1493041 2798964 4454454
12:17:23 1493059 2799079 4454495
12:17:24 1493041 2799292 4454521
12:17:24 1493072 2799401 4454625
12:17:24 1493061 2799602 4454759
12:17:24 1493073 2799667 4454535
12:17:24 1493067 2799804 4454628
12:17:25 1493095 2799977 4454844
12:17:25 1493123 2800045 4454806
12:17:25 1493113 2800117 4454473
12:17:25 1493095 2800198 4454693
12:17:26 1493126 2800268 4455045
12:17:26 1493116 2800321 4453972
12:17:26 1493134 2800376 4454085
12:17:26 1493124 2800367 4454568
12:17:26 1493126 2800466 4453682
12:17:27 1493096 2800477 4454111
12:17:27 1493105 2800549 4454532
12:17:27 1493105 2800582 4454197
12:17:27 1493108 2800632 4454018
12:17:28 1493115 2800641 4454737
12:17:28 1493099 2800693 4454170
12:17:28 1493116 2800725 4454082
12:17:28 1493104 2800774 4454046
12:17:29 1493122 2800806 4454352
12:17:29 1493089 2800810 4453983
12:17:29 1493103 2800829 4453012
12:17:29 1493116 2800881 4454750
12:17:29 1493106 2800911 4454384
12:17:30 1493133 2800931 4454272
12:17:30 1493119 2800959 4454044
12:17:30 1493143 2800989 4454433
12:17:30 1493157 2801006 4453345
12:17:31 1493130 2801048 4454380
12:17:31 1493173 2801098 4454325
12:17:31 1493143 2801184 4454054
12:17:31 1493163 2801248 4454082
12:17:32 1493158 2801363 4454401
12:17:32 1493177 2801404 4454949
12:17:32 1493169 2801493 4454482
12:17:32 1493193 2801517 4454392
12:17:32 1493197 2801576 4454586
12:23:44 1502901 2793994 4443123
12:23:44 1502939 2793857 4444205
12:23:45 1502959 2794376 4443432
12:23:45 1502952 2794655 4443684
12:23:45 1502968 2795185 4443681
12:23:45 1502954 2795423 4442865
12:23:45 1502981 2795835 4444037
12:23:46 1502990 2796032 4444134
12:23:46 1502970 2796389 4443676
12:23:46 1503007 2796558 4444441
12:23:46 1503024 2796831 4444103
12:23:47 1503024 2796965 4444707
12:23:47 1503041 2797131 4444138
12:23:47 1503054 2797253 4443799
12:23:47 1503063 2797407 4443909
12:23:48 1503081 2797502 4444026
12:23:48 1503054 2797617 4444361
12:23:48 1503080 2797711 4444336
12:23:48 1503090 2797830 4444034
12:23:48 1503097 2797906 4443931
12:23:49 1503110 2797932 4443781
12:23:49 1503113 2798014 4443805
12:23:49 1503121 2798019 4443991
12:23:49 1503117 2798091 4443482
12:23:50 1503131 2798109 4443648
12:23:50 1503121 2798180 4443976
12:23:50 1503118 2798199 4443663
12:23:53 1503188 2786838 4442849
12:23:56 1503242 2793962 4443420
12:23:57 1503292 2796210 4442580
12:26:34 1505589 2791154 4439014
12:26:35 1505599 2790886 4438453
12:26:36 1505565 2792308 4438155
12:26:36 1505569 2793039 4438364
12:26:36 1505549 2794274 4438570
12:26:36 1505560 2794840 4438813
12:26:36 1505558 2795869 4439062
12:26:37 1505527 2796298 4438207
12:26:37 1505545 2797170 4438191
12:26:55 1505869 2793039 4438140
12:26:56 1505881 2792248 4438189
12:26:56 1505900 2792148 4437854
12:26:56 1505897 2792221 4438626
12:26:56 1505907 2792449 4438359
12:26:56 1505904 2792607 4438966
12:26:57 1505903 2792877 4438426
12:26:57 1505901 2793045 4438641
12:26:57 1505900 2793335 4438559
12:26:57 1505895 2793468 4438043
12:26:58 1505881 2793779 4438181
12:26:58 1505900 2793986 4438942
12:26:58 1505888 2794332 4438833
12:26:58 1505894 2794541 4438610
12:26:59 1505893 2794905 4438301
12:26:59 1505891 2795098 4439195
12:26:59 1505880 2795410 4438375
12:26:59 1505894 2795605 4438716
12:26:59 1505895 2796099 4438585
12:27:06 1506015 2805020 4438799
12:27:06 1506006 2805537 4438537
12:27:06 1505973 2806524 4438491
12:27:07 1505968 2806979 4439109
12:27:07 1505955 2807906 4438718
12:27:07 1505940 2808745 4438251
12:27:07 1505939 2809170 4438701
12:27:07 1505914 2810211 4438928
12:27:08 1505896 2810724 4439182
12:27:08 1505909 2811677 4438829
12:27:08 1505884 2812150 4438912
12:27:08 1505864 2812961 4438959
12:27:09 1505850 2813708 4439238
12:27:09 1505846 2814066 4438896
12:27:09 1505825 2814713 4438847
12:27:09 1505808 2815003 4439313
12:27:10 1505805 2815520 4440319
12:27:10 1505794 2815724 4440059
12:46:26 1525288 2853599 4421116
12:46:27 1525284 2854378 4420976
12:46:27 1525294 2854915 4420878
12:46:27 1525284 2856102 4421342
12:46:28 1525284 2857210 4420929
12:46:28 1525265 2857723 4421295
12:46:28 1525275 2858667 4421326
12:46:28 1525264 2859139 4420144
12:46:29 1525239 2860014 4421318
12:46:29 1525257 2860419 4421736
12:52:58 1524335 2870205 4417775
12:52:58 1524319 2870109 4417734
12:52:59 1524313 2869988 4417753
12:52:59 1524316 2869960 4417857
12:52:59 1524329 2869789 4417959
12:53:00 1524304 2869706 4417867
12:53:00 1524318 2869671 4417751
12:53:00 1524308 2869609 4418671
12:53:00 1524345 2869572 4418197
12:53:00 1524314 2869525 4417577
12:53:01 1524317 2869500 4417306
12:53:01 1524328 2869462 4417109
12:53:01 1524328 2869450 4417803
12:53:01 1524344 2869399 4417826
12:53:02 1524314 2869377 4417717
12:53:02 1524339 2869316 4417698
12:53:02 1524329 2869240 4417756
12:53:02 1524336 2869130 4417607
12:53:03 1524330 2869005 4417426
12:53:03 1524309 2868685 4417289
12:53:03 1524318 2868563 4417639
12:53:03 1524313 2868248 4417389
12:53:03 1524304 2868101 4417592
12:53:04 1524296 2867809 4417775
12:53:04 1524294 2867637 4417527
12:53:04 1524275 2867482 4417360
12:53:04 1524271 2867236 4416718
12:53:05 1524262 2867027 4416799
12:53:05 1524255 2866975 4417163
12:53:05 1524265 2866915 4417062
12:53:05 1524266 2866784 4417218
12:53:05 1524245 2866599 4417196
12:53:06 1524260 2866519 4416940
12:53:06 1524250 2866455 4416462
12:53:06 1524262 2866350 4416757
12:53:06 1524233 2866292 4416875
12:53:07 1524230 2866136 4417170
12:53:07 1524233 2866077 4417095
12:53:07 1524214 2866012 4417103
12:53:07 1524220 2865959 4417059
12:53:08 1524227 2865933 4416856
12:53:08 1524191 2865834 4416709
12:53:08 1524196 2865775 4416914
12:53:08 1524199 2865661 4417230
12:53:08 1524189 2865626 4417040
12:53:09 1524193 2865517 4416799
12:53:09 1524152 2865479 4416596
12:53:09 1524160 2865379 4416862
12:53:09 1524142 2865341 4417134
12:53:10 1524123 2865225 4417054
12:53:10 1524144 2865110 4417066
12:53:10 1524118 2864895 4417330
12:53:10 1524156 2864786 4417091
12:54:04 1523698 2576124 4392884
12:54:05 1523716 2579605 4392923
12:54:05 1523729 2580821 4392628
12:54:06 1523722 2581447 4393103
12:54:06 1523728 2582833 4393490
12:54:06 1523728 2583546 4393914
12:54:06 1523733 2585026 4393546
12:54:07 1523721 2585790 4393500
12:54:07 1523753 2587184 4393294
12:54:07 1523769 2587810 4393888
12:54:07 1523790 2588862 4394248
12:54:07 1523776 2589272 4394044
12:54:08 1523806 2589936 4393723
12:54:08 1523803 2590265 4393792
12:54:08 1523782 2590904 4393402
12:54:08 1523803 2590822 4392014
12:54:09 1523800 2589396 4393918
12:54:09 1523787 2587090 4393024
12:54:09 1523760 2582911 4392843
12:54:09 1523793 2570387 4391404
12:54:10 1523781 2564088 4391425
12:54:10 1523796 2554138 4390409
12:54:10 1523804 2551162 4390324
12:54:10 1523829 2550498 4390842
12:54:10 1523812 2552214 4390564
12:54:11 1523834 2557100 4391048
12:54:11 1523836 2559531 4391540
12:54:11 1523850 2562960 4391405
12:56:01 1526570 2919548 4422750
12:56:02 1526573 2919321 4422758
12:56:02 1526587 2919196 4422893
12:56:02 1526578 2918953 4422344
12:56:02 1526591 2918813 4422328
12:56:03 1526593 2918567 4422420
12:56:03 1526574 2918455 4422954
12:56:03 1526632 2918222 4422739
12:56:03 1526644 2918120 4422096
12:56:03 1526637 2917930 4422260
12:56:04 1526654 2917794 4422307
12:56:04 1526648 2917725 4422625
12:56:04 1526678 2917676 4422382
12:56:04 1526678 2917538 4422480
12:56:05 1526726 2917436 4422489
12:56:05 1526714 2917360 4422454
12:56:05 1526717 2917260 4422646
12:56:05 1526711 2917212 4423117
12:56:06 1526736 2917083 4422612
12:56:06 1526747 2917012 4422299
12:56:06 1526777 2916880 4422642
12:56:06 1526760 2916799 4420707
12:56:06 1526783 2916631 4422737
12:56:07 1526793 2916574 4422568
12:56:07 1526788 2916476 4421330
12:56:07 1526806 2916431 4421936
12:56:07 1526825 2916326 4422074
12:56:08 1526807 2916265 4422339
12:56:08 1526821 2916223 4422798
12:56:08 1526820 2916153 4423092
12:56:08 1526820 2916082 4422634
12:56:08 1526832 2916001 4422182
12:56:09 1526841 2915940 4422253
12:56:09 1526868 2915910 4422348
12:56:09 1526883 2915873 4422764
12:56:09 1526880 2915846 4422260
12:56:10 1526892 2915805 4421853
12:56:10 1526884 2915812 4422324
12:56:10 1526903 2915763 4422338
12:56:10 1526909 2915759 4422075
12:56:11 1526910 2915726 4422189
12:56:11 1526909 2915709 4422696
12:56:11 1526913 2915659 4422592
12:56:11 1526947 2915590 4422575
12:56:11 1526962 2915248 4422666
12:56:12 1526955 2914985 4422165
12:56:12 1526965 2914520 4422007
12:56:12 1526986 2914342 4422526
12:56:12 1526989 2914018 4422345
12:56:13 1526990 2913867 4422426
12:56:13 1526989 2913611 4422074
12:56:13 1527013 2913527 4422254
12:56:13 1527011 2913324 4422110
12:56:13 1527012 2913229 4422061
12:56:14 1527023 2913105 4422092
12:56:14 1527031 2913011 4421835
12:56:14 1527061 2912916 4422225
12:58:03 1528637 2906979 4420268
12:58:07 1528630 2914975 4419991
12:58:07 1528631 2915393 4420656
12:58:07 1528606 2916114 4420562
12:58:07 1528618 2916467 4420890
12:58:08 1528622 2917084 4420633
12:58:08 1528616 2917344 4420723
12:58:08 1528600 2917882 4419784
12:58:08 1528613 2918143 4420048
12:58:09 1528612 2918625 4419719
12:58:09 1528569 2918872 4420139
12:58:09 1528582 2919283 4420071
12:58:09 1528558 2919470 4420255
12:58:10 1528550 2919856 4420614
12:58:10 1528565 2920042 4420604
12:58:10 1528540 2920379 4420543
12:58:10 1528534 2920560 4420877
12:58:10 1528548 2920800 4420782
12:58:11 1528535 2920871 4420314
12:58:11 1528531 2921059 4421190
12:58:11 1528530 2921122 4421135
12:58:11 1528546 2921243 4421067
12:58:12 1528545 2921328 4420850
12:58:12 1528546 2921437 4420980
12:58:12 1528573 2921500 4421109
12:58:12 1528572 2921648 4421422
12:58:12 1528580 2921698 4421091
12:58:13 1528577 2921879 4420683
12:58:13 1528596 2921920 4421224
12:58:13 1528581 2922069 4421193
12:58:13 1528574 2922143 4420901
12:58:14 1528585 2922237 4420699
12:58:14 1528576 2922295 4419586
12:58:14 1528567 2922419 4420799
12:58:14 1528578 2922482 4420734
12:58:15 1528565 2922583 4421134
12:58:15 1528569 2922634 4421127
12:58:15 1528548 2922716 4421088
12:58:15 1528552 2922740 4420970
12:58:15 1528568 2922799 4420836
12:58:16 1528560 2922849 4421142
12:58:16 1528549 2922994 4421172
12:58:16 1528580 2923214 4421123
12:58:16 1528570 2923301 4421167
12:58:17 1528560 2923417 4421321
12:58:17 1528582 2923464 4420944
12:58:17 1528561 2923564 4420433
12:58:17 1528560 2923611 4420567
12:58:18 1528561 2923776 4420363
12:58:18 1528541 2923799 4421407
12:58:18 1528554 2923947 4421241
12:58:18 1528556 2924002 4421024
12:58:18 1528544 2924019 4421209
12:58:19 1528532 2924046 4419872
12:58:19 1528509 2924116 4420865
12:58:19 1528529 2924153 4421453
12:58:19 1528523 2924203 4421632
12:58:20 1528529 2924236 4420739
12:58:20 1528521 2924293 4421360
12:58:20 1528529 2924314 4420472
12:58:20 1528510 2924357 4421199
12:58:21 1528509 2924371 4420974
12:58:21 1528502 2924238 4421524
12:58:21 1528531 2923956 4421202
12:58:21 1528525 2923170 4421138
12:58:21 1528518 2922869 4420822
12:58:22 1528522 2922541 4421262
12:58:22 1528528 2922465 4421125
12:58:22 1528514 2922399 4420679
12:58:22 1528505 2922410 4420973
12:58:23 1528512 2922473 4421278
12:58:23 1528504 2922531 4420962
12:58:23 1528491 2922611 4421410
12:58:23 1528520 2922648 4420867
12:58:23 1528505 2922608 4420916
12:58:24 1528519 2922483 4420860
12:58:24 1528507 2922260 4420710
12:58:24 1528502 2922173 4421565
12:58:24 1528503 2922027 4421185
12:58:25 1528526 2921966 4420768
12:58:25 1528531 2921876 4421471
12:58:25 1528544 2921831 4420448
12:58:25 1528543 2921653 4420831
12:58:25 1528538 2921557 4420613
12:58:26 1528513 2921313 4420331
12:58:26 1528537 2921195 4421070
12:58:26 1528546 2920962 4420761
12:58:26 1528541 2920855 4420558
12:58:27 1528549 2920627 4420660
12:58:27 1528505 2920541 4420737
12:58:27 1528545 2920320 4421191
12:58:27 1528541 2920225 4420826
12:58:28 1528537 2920063 4420738
12:58:28 1528527 2920020 4420618
12:58:28 1528535 2919884 4420476
12:58:28 1528516 2919781 4420911
12:58:28 1528523 2919696 4420889
12:58:29 1528519 2919646 4421033
12:58:29 1528518 2919564 4420449
12:58:34 1528638 2918305 4420663
12:58:35 1528644 2918308 4420938
12:58:37 1528673 2918494 4420464
12:58:38 1528670 2918513 4419945
12:58:38 1528656 2918572 4419991
12:58:38 1528638 2918609 4419439
12:58:38 1528606 2918600 4418851
13:26:16 1521508 1783987 4311639
13:26:17 1521506 1785447 4309466
13:26:17 1521505 1785635 4310636
13:26:17 1521477 1785970 4310655
13:26:17 1521493 1786127 4310934
13:26:18 1521482 1786457 4310792
13:26:18 1521491 1786724 4310719
13:57:27 1504180 1601005 4281099
13:57:29 1504036 1597247 4280322
13:57:29 1504026 1596775 4280249
13:57:30 1503988 1596533 4279727
13:57:30 1503978 1596238 4280357
13:57:30 1503970 1596092 4280070
13:57:30 1503938 1595902 4280359
13:57:31 1503918 1595811 4280177
13:57:31 1503892 1595626 4280167
13:57:31 1503869 1595522 4280399
13:57:31 1503868 1595387 4280290
13:57:31 1503835 1595370 4280399
13:57:32 1503819 1595215 4279966
13:57:32 1503818 1595169 4280001
13:57:32 1503774 1595110 4279714
13:57:32 1503745 1595142 4280527
13:57:33 1503716 1595110 4280172
13:57:33 1503702 1595099 4279804
13:57:33 1503674 1595038 4279527
13:57:33 1503648 1595007 4279784
13:57:33 1503609 1594811 4279911
13:57:34 1503592 1594738 4279934
13:57:34 1503540 1594513 4279826
13:57:34 1503532 1594391 4279690
13:57:34 1503498 1594267 4279890
13:57:35 1503463 1594169 4281032
13:57:35 1503456 1593915 4280041
13:57:35 1503408 1593641 4280634
13:57:35 1503417 1592906 4279911
13:57:36 1503398 1592442 4280704
13:57:36 1503374 1591702 4279750
13:57:36 1503340 1591400 4280149
13:57:36 1503321 1590856 4279857
13:57:36 1503317 1590587 4280034
13:57:37 1503296 1590116 4279383
13:57:37 1503275 1589785 4279719
13:57:37 1503237 1589706 4279140
13:57:37 1503208 1589656 4279595
13:57:38 1503198 1589629 4279718
13:57:38 1503188 1589590 4279741
13:57:38 1503162 1589574 4279645
13:57:38 1503120 1589481 4279264
13:57:39 1503117 1589436 4279992
13:57:39 1503107 1589513 4279795
13:57:39 1503076 1589648 4279177
13:57:39 1503061 1589935 4279356
13:57:39 1503026 1590065 4279691
13:57:40 1502998 1590330 4279603
13:57:40 1502997 1590440 4279623
14:32:43 1474571  4353817
14:32:44 1474543  4353759
14:32:45 1474536  4353631
14:32:45 1474513  4353716
14:32:45 1474523  4353585
14:32:45 1474495  4354084
14:32:45 1474487  4353029
14:32:46 1474446  4353632
14:32:46 1474423  4353871
14:32:46 1474419  4353975
15:03:10 1411930  4326854
15:03:11 1411911  4326766
15:03:11 1411928  4326729
15:03:11 1411904  4326432
15:03:12 1411897  4326796
15:03:12 1411912  4326707
15:03:12 1411909  4326971
15:03:12 1411916  4326555
15:05:32 1406142  4321634
15:05:47 1405552  4324629
15:06:23 1404920  4326382
15:11:29 1396884  4321567
15:11:38 1396600  4321197
16:15:03 1258353  4269490
16:15:03 1258284  4269696
16:15:04 1258255  4269588
16:15:04 1258219  4269071
16:15:04 1258210  4269748
16:15:04 1258177  4269340
16:15:05 1258174  4269355
16:15:05 1258161  4269631
16:15:05 1258133  4269769
16:15:05 1258110  4269586
16:15:10 1257770  4270362
16:15:10 1257757  4269759
16:15:21 1257140  4266804
16:15:21 1257117  4267013
16:15:22 1257103  4266868
16:15:22 1257107  4267212
16:15:22 1257102  4266684
16:15:22 1257086  4267242
16:15:23 1257079  4267237
16:15:23 1257079  4265297
16:15:23 1257046  4267244
16:15:23 1257048  4267093
16:15:24 1257037  4267001
16:15:24 1257046  4266839
16:15:24 1257023  4267296
16:15:24 1257021  4267085
16:15:24 1257013  4267343
16:15:25 1256981  4267413
16:15:25 1256984  4267727
16:15:25 1256998  4267989
16:15:25 1256991  4267813
16:15:26 1256990  4267682
16:15:26 1256993  4268286
16:15:26 1256978  4267913
16:15:26 1256970  4267680
16:15:27 1256978  4267644
16:15:27 1256994  4268128
16:15:27 1256992  4268344
16:15:27 1256971  4268225
16:15:27 1256999  4268285
16:15:28 1256976  4267994
16:15:39 1256375  4268012
16:15:40 1256331  4267979
16:15:40 1256314  4267987
16:15:40 1256297  4268080
16:19:30 1246647  4265149
16:19:31 1246531  4264568
16:19:32 1246458  4264457
16:19:32 1246420  4264410
16:26:20 1226454  4260203
16:26:21 1226395  4261182
16:33:23 1213030  4253468
16:33:24 1212938  4252974
16:34:08 1210101  4249075
16:34:09 1209991  4249447
16:34:10 1209916  4249803
16:38:47 1200328  4245178
16:38:50 1200232  4244874
16:38:51 1200234  4244840
16:38:51 1200218  4244799
16:38:51 1200195  4244545
16:38:52 1200182  4244902
16:38:55 1200056  4244500
16:38:57 1199994  4244965
16:38:57 1199986  4245317
16:39:01 1199858  4245020
16:39:02 1199826  4245052
16:39:02 1199843  4245559
16:39:02 1199838  4245393
16:39:03 1199824  4245447
16:39:03 1199815  4244716
16:39:03 1199803  4245486
16:40:41 1195442  4243995
16:40:42 1195395  4244333
16:40:42 1195409  4244312
16:40:42 1195382  4243874
16:40:43 1195376  4243961
16:40:45 1195285  4243621
16:40:46 1195246  4243494
16:40:46 1195241  4243559
16:40:46 1195230  4244005
16:40:46 1195237  4243620
16:40:47 1195217  4243775
16:40:47 1195224  4243965
16:40:47 1195196  4243521
16:40:53 1194979  4243097
16:40:53 1194952  4241710
16:40:54 1194937  4243097
16:40:54 1194944  4242524
16:40:54 1194917  4241826
16:40:57 1194862  4243237
16:43:22 1190302  4240977
16:43:22 1190261  4241870
16:43:23 1190258  4241601
16:43:37 1189517  4240540
16:43:42 1189293  4239918
16:45:31 1186056  4239433
16:45:32 1185985  4239491
16:45:33 1185954  4239235
16:45:37 1185805  4238592
16:45:37 1185816  4238477
16:45:46 1185535  4238531
16:47:14 1183497  4244351
16:47:16 1183399  4244921
16:47:55 1181989  4243603
16:47:56 1181994  4244063
16:48:01 1181759  4243648
16:48:02 1181750  4243444
16:48:03 1181722  4243753
16:48:03 1181665  4242878
16:48:05 1181542  4243859
16:48:27 1180854  4244151
16:48:41 1180385  4241581
16:50:04 1177579  4236754
16:51:13 1174594  4240534
16:51:32 1174307  4240456
16:51:50 1173385  4238533
16:51:51 1173358  4238464
16:52:14 1171910  4236156
16:52:15 1171878  4236303
16:52:16 1171874  4236632
16:52:19 1171628  4235582
16:52:20 1171533  4235862
16:52:27 1170960  4235545
16:54:40 1167199  4233039
16:54:43 1166987  4234026
16:54:51 1166404  4234200
16:54:51 1166386  4234448
16:54:52 1166335  4234266
16:54:57 1165934  4234061
16:54:58 1165893  4234399
16:54:58 1165853  4233831
16:54:59 1165803  4234273
16:55:00 1165738  4234786
16:55:05 1165343  4233345
16:55:05 1165295  4233234
16:55:10 1164967  4233002
16:55:11 1164897  4233058
16:55:15 1164534  4233150
16:56:02 1161765  4231633
16:56:08 1161503  4232418
16:56:10 1161360  4231662
16:56:29 1160540  4232640
16:56:33 1160368  4232189
16:56:34 1160363  4231458
17:02:03 1149466  4227544
17:02:04 1149415  4226450
17:02:14 1148935  4228280
17:02:22 1148478  4225629
17:02:23 1148452  4225205
17:02:31 1148147  4224643
17:02:32 1148107  4224704
17:02:34 1148024  4225612
17:02:35 1148000  4225226
17:02:35 1147988  4225619
17:02:36 1147937  4225374
17:02:36 1147919  4225405
17:02:39 1147849  4225980
17:05:59 1140501  4186669
17:05:59 1140351  4186365
17:06:00 1140131  4185999
17:06:05 1139121  4185710
17:06:05 1139073  4185854
17:06:05 1139029  4185996
17:06:06 1138939  4186508
17:06:09 1138312  4185193
17:06:09 1138226  4184334
17:12:43 1121262  4217781
17:12:45 1121241  4218763
17:29:29 1084784  4211366
17:29:30 1084703  4210889
17:29:32 1084545  4211337
17:29:56 1083079  4211955
17:29:56 1083071  4211592
17:29:57 1083072  4211623
17:30:53 1081237  4211628
17:30:54 1081198  4211150
17:30:59 1080966  4210781
17:30:59 1080889  4210842
17:31:00 1080871  4211024
17:31:08 1080445  4210450
17:31:08 1080421  4210399
17:32:51 1077191  4208696
17:32:52 1077144  4208816
17:33:00 1076706  4207815
17:33:01 1076619  4205652
17:33:01 1076586  4207561
17:33:13 1076006  4207767
17:33:13 1075973  4208066
17:33:14 1075940  4208647
17:33:15 1075878  4208234
17:33:15 1075861  4208747
17:33:32 1075249  4208659
17:33:32 1075256  4208649
17:33:33 1075260  4208947
17:33:43 1074948  4208339
17:34:24 1073343  4207873
17:34:25 1073315  4208895
17:34:38 1072474  4208367
17:34:39 1072452  4208787
17:34:40 1072451  4207899
17:34:49 1072215  4209555
17:35:38 1070780  4207890
17:35:51 1070306  4207627
17:37:20 1067966  4219175
17:37:21 1067956  4218809
17:38:06 1067509  4219326
17:38:07 1067503  4220097
17:38:07 1067515  4219182
17:40:09 1065068  4216243
17:40:11 1065014  4215886
17:40:13 1064932  4216106
17:40:14 1064919  4216345
17:40:14 1064903  4216217
17:40:14 1064902  4216264
17:40:14 1064910  4216479
17:40:18 1064811  4215908
17:43:09 1060325  4213516
17:43:10 1060291  4213162
17:43:13 1060230  4213216
17:43:42 1059681  4212043
17:44:00 1059089  4210758
17:44:01 1059056  4211088
17:54:31 1041552  4200825
17:54:33 1041518  4199354
17:54:35 1041434  4200334
17:54:38 1041276  4199813
17:54:39 1041253  4200127
17:54:40 1041193  4199298
18:06:34 1020504  4189665
18:06:35 1020478  4189971
18:06:36 1020449  4189854
18:06:45 1020232  4189882
18:06:46 1020186  4189707
18:06:49 1019954  4189467
18:06:51 1019897  4189546
18:07:02 1019540  4189731
18:07:13 1019112  4189416
18:07:14 1019083  4189354
18:07:15 1019075  4187671
18:15:12 998165  4157406
18:21:34 978943  4170776
18:21:35 978883  4170162
18:21:35 978830  4170573
18:21:36 978765  4170314
18:21:36 978746  4170487
18:21:36 978702  4170152
18:21:37 978685  4170400
18:21:37 978649  4170711
18:21:37 978630  4171119
18:21:37 978625  4171471
18:21:37 978634  4171537
18:21:38 978623  4171458
18:21:38 978608  4170328
18:21:38 978623  4171563
18:21:38 978603  4171360
18:21:39 978615  4171454
18:21:39 978619  4171489
18:21:39 978608  4171293
18:21:39 978598  4171193
18:21:40 978601  4171587
18:22:26 977094  4170903
18:22:29 977000  4171438
18:22:30 976965  4171088
18:22:30 976916  4171336
18:22:35 976816  4171061
18:22:35 976790  4171080
18:22:39 976667  4171553
18:22:41 976640  4171234
18:25:03 973437  4166359
18:25:04 973394  4167009
18:26:37 972302  4166948
18:26:41 972308  4166916
18:26:41 972272  4166636
18:27:58 970123  4165362
18:27:59 970076  4165334
18:28:01 969978  4165636
18:28:02 969970  4165309
18:28:02 969942  4164973
18:28:07 969910  4165493
18:28:10 969908  4166062
18:28:10 969907  4165629
18:33:32 961260  4161213
18:33:33 961290  4161431
18:33:33 961291  4161472
18:33:33 961303  4161054
18:33:34 961289  4160992
18:33:34 961286  4161157
18:33:34 961284  4161026
18:33:34 961282  4159991
18:33:35 961283  4161044
18:33:35 961275  4161206
18:33:35 961262  4161040
18:33:35 961256  4161316
18:33:38 961215  4160844
18:33:39 961220  4161220
18:33:39 961196  4160960
18:33:42 961106  4161115
18:33:43 961105  4161281
18:33:43 961100  4160780
18:33:43 961096  4161206
18:33:43 961081  4160958
18:33:47 961027  4160782
18:33:47 961005  4160353
18:33:47 961016  4160599
18:33:48 961040  4160899
18:33:48 961014  4160683
18:33:48 961017  4160904
18:33:48 961006  4160751
18:33:48 961002  4160632
18:33:49 960984  4160498
18:33:49 960983  4160442
18:33:53 960814  4160277
18:33:54 960825  4160474
18:33:54 960793  4159419
18:33:54 960788  4160986
18:33:54 960770  4160311
18:33:58 960665  4160555
18:33:58 960672  4160803
18:33:58 960632  4159955
18:33:58 960603  4160017
18:33:59 960586  4159705
18:33:59 960551  4159946
18:34:05 960215  4160558
18:34:08 960085  4160906
18:34:09 960080  4160532
18:34:09 960081  4160560
18:34:14 960016  4160450
18:34:14 960027  4160090
18:34:14 960031  4160087
18:34:17 960052  4159903
18:34:20 960032  4160023
18:34:20 960035  4159871
18:34:21 960018  4159397
18:34:21 960050  4159992
18:34:21 960032  4159625
18:34:21 960040  4159816
18:34:22 960033  4159996
18:34:22 960029  4159663
18:34:22 960014  4159395
18:34:28 960009  4159664
18:34:28 959994  4159698
18:34:28 959992  4159951
18:34:28 959981  4159881
18:34:28 959975  4159700
18:34:29 959982  4159736
18:34:29 959998  4159634
18:34:29 960005  4159558
18:34:29 959978  4159816
18:34:30 959972  4159084
18:34:34 959787  4159327
18:34:34 959749  4159384
18:34:35 959761  4159603
18:34:35 959754  4159747
18:43:50 937287  4150543
18:43:50 937271  4149920
18:43:51 937264  4149778
18:43:51 937269  4150070
18:43:51 937232  4150594
18:44:23 936002  4149880
18:44:23 935995  4150361
18:44:23 935984  4150112
18:44:23 935987  4150084
18:44:24 936000  4150240
18:44:24 935995  4150030
18:44:24 935976  4150384
18:44:24 935982  4150007
18:44:24 935974  4150073
18:44:25 935965  4149543
18:44:25 935957  4149852
18:44:25 935929  4150046
18:44:25 935941  4149786
18:44:25 935919  4150160
18:44:26 935918  4150408
18:44:26 935900  4150197
18:44:26 935925  4150021
18:44:26 935895  4149736
18:44:26 935886  4149879
18:44:27 935884  4149906
18:44:27 935864  4149737
18:44:27 935834  4147689
18:44:27 935834  4150135
18:44:27 935825  4150166
18:44:28 935813  4149878
18:44:38 935707  4149736
18:44:39 935683  4149935
18:44:44 935550  4149667
18:44:45 935531  4149603
18:44:49 935434  4149460
18:44:49 935448  4149480
18:44:53 935359  4150069
18:44:53 935362  4149427
18:44:56 935339  4149140
18:44:56 935329  4148921
18:44:57 935324  4148722
18:44:57 935278  4148354
18:44:57 935286  4148613
18:44:57 935297  4148770
18:44:57 935259  4148503
18:44:58 935246  4148969
18:44:58 935233  4149115
18:44:58 935229  4148965
18:44:58 935219  4149426
18:44:59 935208  4148941
18:45:51 932817  4148221
18:45:51 932782  4147497
18:45:51 932773  4147463
18:45:52 932770  4147807
18:45:52 932755  4147809
18:45:52 932729  4147332
18:45:52 932713  4147378
18:45:53 932700  4147485
18:45:53 932685  4148255
18:45:53 932668  4147588
18:45:53 932658  4147535
18:45:53 932635  4147799
19:04:21 868233  4092457
19:04:28 868274  4115890
19:04:29 868279  4111555
19:04:29 868285  4114853
19:04:29 868304  4115580
19:04:29 868310  4115391
19:04:29 868312  4116035
19:04:30 868312  4115527
19:04:30 868330  4114431
19:04:30 868350  4113392
19:04:30 868372  4113313
19:04:30 868386  4112206
19:04:31 868405  4110801
19:04:48 692867  4138621
19:07:43 833425  4100090
19:07:55 835039  4121494
19:07:56 835114  4112865
19:07:57 835172  4105175
19:07:58 835172  4099083
19:07:59 835163  4096388
19:07:59 835160  4095210
19:07:59 835155  4094600
19:08:00 835144  4094112
19:08:00 835140  4093478
19:08:00 835133  4093147
19:08:00 835130  4092390
19:08:01 835117  4092806
19:08:02 835074  4097426
19:13:32 836424  4128335
19:13:45 836275  4126629
19:13:46 836235  4126663
19:13:46 836196  4126555
19:13:46 836180  4126509
19:13:47 836155  4126331
19:13:47 836150  4126218
19:14:28 833507  4124789
